msnsam tbs 20 -t tbs -r tbs tbs -I 3 tbs tbs tbs 0 -m 1 2 tbs -m 2 1 tbs -m 1 3 tbs -m 3 1 tbs -m 2 3 tbs -m 3 2 tbs -n 1 tbs -n 2 tbs -n 3 tbs -g 2 tbs -g 3 tbs -ej tbs 3 2 -en tbs 2 tbs -ej tbs 2 1 -eN tbs tbs
3579 27011 59243

// 	54	1.17074	1.17074	1737	28	13	13	0.06531	8.47518	0.06531	8.47518	0.00000	0.00000	0.13154	1.63965	1.63965	60.63307	60.63307	0.18660	0.18660	1.49007	0.34644	0.34644	2.0751
segsites: 24
positions: 
000000000000000000000000
000110000000100000000000
000001000000000001000000
000000000000001000100000
000000000000000000000000
000000000000100000000000
000000000000001000100000
000110000000000000000000
000000000000001000100000
010000001011011110000010
010000011011011000100000
000000000000000000000110
000000101110000000100000
000000101110000000100000
000000000010001110000010
000000000000100000000110
100000001000000000000110
000000000010001000111000
101010001010001000111000
010000000000001110100000
010000000000001110000010
000110000000000000000000
000000000000001000000000
000000000000000000000001
000000000010001110000000
100000001000000000000000
010000000000001000101000
000000000000001000000000
000000001000001000000000

// 	54	1.17074	1.17074	1737	28	13	13	0.06531	8.47518	0.06531	8.47518	0.00000	0.00000	0.13154	1.63965	1.63965	60.63307	60.63307	0.18660	0.18660	1.49007	0.34644	0.34644	2.0751
segsites: 62
positions: 
00000000000000000000000000000000000000000000000000000000000000
00100001000010000000100100000000000100010100010110001000100000
11100000011000000010100000000000000001010100010110001000000000
11100000011000000010100000000000000000010100010110001000100000
00100001000010000000100100000000000000100000010110001000100000
00100001000010000000100100000000000000100000010110001000100000
00100001000010000000100100000000000000100000010000001000100000
00000000000000000000000000000000000000000000000000000000000000
00100001000010000000100100000000000000100000010110001000100000
10000001001001101101110001100000000010010111010000000010000000
10001001100100000000101011011100000000010110010010000011100010
10010001101100000000101011011100000000010110011110000000000000
10100000000001001001110001100000100000010101010000010100000000
10000001001001101101110001100000000010010111010000000010000000
10001011101101011100101011011100000000010110010010000011100010
10000001001001101101110001100000000010010111010000000010000000
10000001001001101101110001100000000010010100110010000010000000
10000000011010000010100000011010011001010101010000001000000000
00100001001001001101110000100001000000010110010000000010000001
10000001001001000000000000000000000000000000010110001000100010
10000100000000000000100000000000000000000000010110001000100010
10000000001000000000100000100000000000010100010000001010000010
10000000001000000000100000100000000000010110011110000000000000
00100001000010000000100100000000000100010100010110001000000010
10001000001010010000100000000000000001010101010000000010000001
10000000001000000000100000000000000000011110000001001010011101
10001000001010010000100000000000000001010100010000000010000001
00100001000000000000100100000000000100010100010110001000000010
10001000001010010000100000000000000001010100010010101011100010

// 	54	1.17074	1.17074	1737	28	13	13	0.06531	8.47518	0.06531	8.47518	0.00000	0.00000	0.13154	1.63965	1.63965	60.63307	60.63307	0.18660	0.18660	1.49007	0.34644	0.34644	2.0751
segsites: 5
positions: 
00000
10100
10100
10000
10000
10100
10100
10000
10000
10000
11101
10000
10100
10000
10000
10010
10000
10100
10100
10000
10000
10000
10000
10000
10000
10000
10000
10000
10000

// 	54	1.17074	1.17074	1737	28	13	13	0.06531	8.47518	0.06531	8.47518	0.00000	0.00000	0.13154	1.63965	1.63965	60.63307	60.63307	0.18660	0.18660	1.49007	0.34644	0.34644	2.0751
segsites: 20
positions: 
00000000000000000000
00000000000000110110
01001000000000000000
11011000000000000000
11011000000000100000
01001000000000100000
00000000000010001000
00000000000000000000
00000000000000000000
00000000000010000000
01001011101110000000
01001000000000001000
00000100000000000010
01101001000000100000
01001000000000000000
00000001000100000000
01101001010000000000
01001011101001000000
01101000000000100000
01001000000010000000
00000000000000000000
01001000000010000000
00000100000000000010
01001000000000000000
01001000000010000001
01001000000010000000
01001000000010000000
00000000000000000000
00000000000000000001

// 	54	1.17074	1.17074	1737	28	13	13	0.06531	8.47518	0.06531	8.47518	0.00000	0.00000	0.13154	1.63965	1.63965	60.63307	60.63307	0.18660	0.18660	1.49007	0.34644	0.34644	2.0751
segsites: 51
positions: 
000000000000000000000000000000000000000000000000000
000000010000000000000000000000000000001000000001000
000000010000000000000000000001000000001000010001000
000001010000011000000000000000000000001000000001000
000000010000001000000000000001000000001000000001000
000001010000000000000000000000000000001000000001000
000000010000000000000000000000000000001000000001000
000000010000011000000000000001000000001000000001010
010011011000101011100010111011101000111011100001000
110011011000001001011010011011111001101101101111100
111010111010101011111111111011101111101011100111000
010011011000101001111010111011101000111101101101000
110011010000101011110010111011111010101101001101000
011011111100101011100010111111101001101111101101000
111010111101001000111001001011101011101111100111101
010011011000101011100010111011101000001001101101000
110001011000001001100011101011101011001101101111100
111010011010101111011101011011101000101011100011000
010011011000101001011010111011101000101101101001000
000010011000101011110010011010001010101100101001000
111111011000101011100010111011101010101111101101000
111001011100001010101001101011101010101101100101101

// 	54	1.17074	1.17074	1737	28	13	13	0.06531	8.47518	0.06531	8.47518	0.00000	0.00000	0.13154	1.63965	1.63965	60.63307	60.63307	0.18660	0.18660	1.49007	0.34644	0.34644	2.0751
segsites: 17
positions: 
00000000000000000
00001100111000100
00000000000000000
00000000000000100
01010000000000100
00000000000000100
00000010000000111
00000011111000111
00000010000000100
11010000000000000
01010000000000010
01100000000000000
01100000000000000
11010000000000000
11010000000000000
00000000000000000
11010000000000100
01100000000001010
00000000000000000
00000000000000110
00000000000000110
00000000000000000
00000100111110100
00000000000000100
00000000000000000
01000000000000100
00000000000000110
00000000000000100
00000000000000100

// 	54	1.17074	1.17074	1737	28	13	13	0.06531	8.47518	0.06531	8.47518	0.00000	0.00000	0.13154	1.63965	1.63965	60.63307	60.63307	0.18660	0.18660	1.49007	0.34644	0.34644	2.0751
segsites: 18
positions: 
000000000000000000
100100000000100000
000000000000000001
000000000000000000
000000000000000000
101111010000000000
100100001100000001
000000000000000000
000000000000000000
000000000000000001
000000000010000000
000100001100000000
101100001101000000
000000000000000000
101100000000000001
110100100000000010
110100100000000001
000000000000000000
000000000000000000
000000000000000000
000000000000000000
000000000000000000
101000001100000000
000000000000000000
100100001100011100
100100000000000000
100000001100000010
100000001100000000
100000001100000000

// 	54	1.17074	1.17074	1737	28	13	13	0.06531	8.47518	0.06531	8.47518	0.00000	0.00000	0.13154	1.63965	1.63965	60.63307	60.63307	0.18660	0.18660	1.49007	0.34644	0.34644	2.0751
segsites: 7
positions: 
0000000
0000000
0000000
0000000
0000000
0000000
0000010
0000000
0000000
0001000
0001000
0010000
0000000
0000000
1100000
0001000
0000100
0100000
0000000
0100000
0100000
0100000
0000000
0100000
0100000
0000000
0100000
0100001
0000000

// 	54	1.17074	1.17074	1737	28	13	13	0.06531	8.47518	0.06531	8.47518	0.00000	0.00000	0.13154	1.63965	1.63965	60.63307	60.63307	0.18660	0.18660	1.49007	0.34644	0.34644	2.0751
segsites: 18
positions: 
000000000000000000
000000000001011000
000000000000011100
000000000000011000
000000111010000001
000000000001011000
100000111010000001
000100111010011000
000000000000011000
001011110000111001
000000000000010011
011000110000011000
000000000000011000
001000110000011000
000000000001011000
000000110000011001
001000110100011000
001000110000011001
000000111010010001
001000110000011001
000000000000011000
000000000000011000
000000000000011000
000000000000011001
000000000000011000
000000000000011000
000000000100011000
000000000000010001
000000000000011000

// 	54	1.17074	1.17074	1737	28	13	13	0.06531	8.47518	0.06531	8.47518	0.00000	0.00000	0.13154	1.63965	1.63965	60.63307	60.63307	0.18660	0.18660	1.49007	0.34644	0.34644	2.0751
segsites: 15
positions: 
000000000000000
001100100000000
001100100001010
000000001110000
000000000001001
000001000001000
000000000001000
001000000000010
001000001010000
000001000000100
001000100000100
000000000000000
001100100000000
000010100010000
011000110010000
001000000000100
000001000000100
101100100000010
001010100010000
001000000001000
011000000000010
001000000001000
001000001010010
001000000001000
001000001010000
000000000001000
001000000001000
000000001010000
000000000000000

// 	54	1.17074	1.17074	1737	28	13	13	0.06531	8.47518	0.06531	8.47518	0.00000	0.00000	0.13154	1.63965	1.63965	60.63307	60.63307	0.18660	0.18660	1.49007	0.34644	0.34644	2.0751
segsites: 13
positions: 
0000000000000
0110000000010
0000000000010
0000000000000
0010000000000
0000000000000
0010010000110
0100000000000
0000000000000
0000000000000
0000000000000
0000000000000
0110001011010
0010010000000
0000000000000
1010010000000
0010000000110
0010000100010
0010000000110
0000000000010
0010000000010
0010000000011
0010010000000
0010100000010
0010000000010
0010000001010
0010000000010
0011000000010
0000000000010

// 	54	1.17074	1.17074	1737	28	13	13	0.06531	8.47518	0.06531	8.47518	0.00000	0.00000	0.13154	1.63965	1.63965	60.63307	60.63307	0.18660	0.18660	1.49007	0.34644	0.34644	2.0751
segsites: 12
positions: 
000000000000
111100011011
001000000000
001000000000
101000010000
001000000000
001000000000
001000010000
001010010100
101000010100
101000010100
001000010100
001010000000
001010010100
001001010100
001010000000
001000010100
101100111011
001010000000
101000010000
001000000000
001000000000
001000000000
001000000000
101000000000
001000010000
001000000000
001000000000
001000000000

// 	54	1.17074	1.17074	1737	28	13	13	0.06531	8.47518	0.06531	8.47518	0.00000	0.00000	0.13154	1.63965	1.63965	60.63307	60.63307	0.18660	0.18660	1.49007	0.34644	0.34644	2.0751
segsites: 41
positions: 
00000000000000000000000000000000000000000
00000001000010010000000000000000000000000
00100000000010010100000000000000000000000
00100000000010000000000000000000100001000
11100100000010000100000000000000000000000
11100000000010000100000000100010100001000
01100000000010000100000000000000000000000
11100100000010000100000000000000000000000
01100000000010010100000000000000010100000
01110000011010001100000000100010100001000
00110000101010001100000000100000100000001
11100000000010100101000000100100101000000
11100000100111001100111000100010100001000
01110000100010001100000001110000100000100
00110000101010001100000000100001100000000
00110000100010000100000000010000100001010
11100000000010100101000000100010100001000
01100000000010100100000010010010100000000
11100000000010000110000000101000101010000
01110000100010100100000000100000100000001
01100000000010000100000000000000000000000
11100000000010000100000000100010100001000
11101000100111000100101100100010100000000
11100000000010000100000000100010100000010
01100000000010100100000000000000000000000
00110010100010000100000000000000000000000
01110000100010100101000000100000100000010
00100000000010010100000000000000000000000
01100000000010000100000000000000000000000

// 	54	1.17074	1.17074	1737	28	13	13	0.06531	8.47518	0.06531	8.47518	0.00000	0.00000	0.13154	1.63965	1.63965	60.63307	60.63307	0.18660	0.18660	1.49007	0.34644	0.34644	2.0751
segsites: 9
positions: 
000000000
000000000
000000101
000000000
000000101
000000000
000000101
000000101
000000001
000000111
000100001
000100001
000001101
000000101
100001101
000010101
000000101
000000101
000001101
000000101
000000001
000000000
000000101
000000101
000000101
000000101
000000001
000000101
111000000

// 	54	1.17074	1.17074	1737	28	13	13	0.06531	8.47518	0.06531	8.47518	0.00000	0.00000	0.13154	1.63965	1.63965	60.63307	60.63307	0.18660	0.18660	1.49007	0.34644	0.34644	2.0751
segsites: 35
positions: 
00000000000000000000000000000000000
01010001000000000000000000000001000
00000000000000000000000010000100001
00000000000000000000000101000001001
00000000000000000000000101000001001
00000000000000000000000101000001001
00000000000000000000000010000100001
00000000000000000000000010000001000
00000000000000000000000101000001001
00000000000000001101110011001001001
01100010100100001100010011001001101
01101100000100001110111011111000001
01000000001111101100111011001001001
01000000001111101100111011001001001
01000000010000001100100011001001101
01100010100100001100010011001001101
01000000001111101100110011001001001
10000000001111101100111011000001011
01000000010000001100100011001001001
00000000000000000000000101000001001
01000000000000000000000011001001000
00000000000000000000000010000000000
01000000000000000000000001000001000
00000000000000000000100010001001001
01000000101000010000000010000001001
00000000000000000000000010000000001
10100000000000000000000000000011000

// 	54	1.17074	1.17074	1737	28	13	13	0.06531	8.47518	0.06531	8.47518	0.00000	0.00000	0.13154	1.63965	1.63965	60.63307	60.63307	0.18660	0.18660	1.49007	0.34644	0.34644	2.0751
segsites: 13
positions: 
0000000000000
0000000000000
0000000000000
0000000000000
0000000000000
0000000000000
0000000000000
0000000000000
0000000000000
0000000010101
0000000010101
0000000010101
0010000010010
0000100010000
0001001010000
1010010011000
0010000010010
0000000110000
0010000010010
0000000010000
0000000010000
0100000000000
0000000000000
0000000000000
0000001010000
0000000000000
0000000000000
0000000000000
0000000010000

// 	54	1.17074	1.17074	1737	28	13	13	0.06531	8.47518	0.06531	8.47518	0.00000	0.00000	0.13154	1.63965	1.63965	60.63307	60.63307	0.18660	0.18660	1.49007	0.34644	0.34644	2.0751
segsites: 23
positions: 
00000000000000000000000
00000000000000000000000
00000000000000001010000
00000000000000000000010
00000000000000000000000
00000001000000000000000
00000000000000000000000
00000001000000000000000
00000000000000001010000
00000001000001110010000
00000001010100000010001
00000000001010000010100
00000001001010000000000
10000010101000000000000
00000001001010000111010
00000000000001110010000
00000000000001110010000
01100101001010000000000
00000000000000000000000
00000001000000000010000
00000001000000000010000
00000000000000000000000
00000000000000000010000
00000000000000001010000
01101101000000001010000
00000001000000000010000
00000000000000000010000
01110101000000000000000
00000000000000000010000

// 	54	1.17074	1.17074	1737	28	13	13	0.06531	8.47518	0.06531	8.47518	0.00000	0.00000	0.13154	1.63965	1.63965	60.63307	60.63307	0.18660	0.18660	1.49007	0.34644	0.34644	2.0751
segsites: 22
positions: 
0000000000000000000000
0001000000010100000100
0110000000010100000000
0001000000010100000010
0000000000000000000000
0000000000010100000000
0110000000010100000000
0000000000010100000000
0000000000010100000000
0000000100010110001000
0000000100110100000010
0010000000010100000001
0000000010010100000000
0000000000000000000001
0010000010010100000000
0010000000010100000000
0000011000011101000000
0000111000010100100000
0000000000010100000000
0000000000010100000000
0000000000010100000000
0000000000010100000000
0000000010010100000000
0000000000000000000000
0000000000000000000000
0000000001010100010000
0000000000010100001000
1000000000010100000000
0000000000010100000000

// 	54	1.17074	1.17074	1737	28	13	13	0.06531	8.47518	0.06531	8.47518	0.00000	0.00000	0.13154	1.63965	1.63965	60.63307	60.63307	0.18660	0.18660	1.49007	0.34644	0.34644	2.0751
segsites: 14
positions: 
00000000000000
00000000000000
00000000000000
00000000001000
00000000000000
00000000001000
00000000000000
00001001000000
00001001000000
00011000000100
11100000100011
00000000100011
00001000000000
00001000000100
00001000000100
00000000001000
00000100000000
00001001000000
00000010001000
00000000001000
00000000000000
00001001000000
00000001000000
00000000011000
00000000000000
00000000000000
00000000000000
00000000000000
00000000000000

// 	54	1.17074	1.17074	1737	28	13	13	0.06531	8.47518	0.06531	8.47518	0.00000	0.00000	0.13154	1.63965	1.63965	60.63307	60.63307	0.18660	0.18660	1.49007	0.34644	0.34644	2.0751
segsites: 8
positions: 
00000000
00000000
00000000
00000000
00000000
00000000
00000000
00000000
00000000
00001000
00000010
00010000
00000000
00001000
00000000
00000100
00100001
11000010
00000000
11000000
11000000
00000000
00000000
00000000
00000000
00000000
11000010
00000000
00000000

// 	54	1.17074	1.17074	1737	28	13	13	0.06531	8.47518	0.06531	8.47518	0.00000	0.00000	0.13154	1.63965	1.63965	60.63307	60.63307	0.18660	0.18660	1.49007	0.34644	0.34644	2.0751
segsites: 19
positions: 
0000000000000000000
1100000000000000101
1100000000000001000
1100000101000001001
1100000000000001001
1100000000100000101
1100000101000010000
1100000101000010000
1100000000000001001
1000000000100000100
1000000000000000100
1100000101000001001
1000000000100000100
1110000000100000100
1100000101000000100
1100000101000010000
1110000000000100000
1100011110000010000
1001000000000000100
1100000000000001000
1000000000000000000
1100000000000001001
1000000101000000000
1100000101000000000
1000000000000010000
1100000000000000000
1100000000011000010
1100111110000000000
1000000000000000000

// 	54	1.17074	1.17074	1737	28	13	13	0.06531	8.47518	0.06531	8.47518	0.00000	0.00000	0.13154	1.63965	1.63965	60.63307	60.63307	0.18660	0.18660	1.49007	0.34644	0.34644	2.0751
segsites: 11
positions: 
00000000000
00000000001
00000000001
00000000001
00000000001
00000000001
00001000001
00000000001
00001000001
00001000001
10010010001
10000010101
01000000001
10000010001
00000000001
00100110001
00001000001
00000011101
00000000001
00000000001
00000000001
00000000001
00000010101
00010010001
00000000011
00000000001
00000000001
00000000001
00000010001

// 	54	1.17074	1.17074	1737	28	13	13	0.06531	8.47518	0.06531	8.47518	0.00000	0.00000	0.13154	1.63965	1.63965	60.63307	60.63307	0.18660	0.18660	1.49007	0.34644	0.34644	2.0751
segsites: 4
positions: 
0000
0001
0001
0000
0101
0001
0001
0001
0001
0000
1100
0011
0001
0101
0000
0001
0000
0001
0100
1100
0101
0000
0101
0100
0101
0101
0101

// 	54	1.17074	1.17074	1737	28	13	13	0.06531	8.47518	0.06531	8.47518	0.00000	0.00000	0.13154	1.63965	1.63965	60.63307	60.63307	0.18660	0.18660	1.49007	0.34644	0.34644	2.0751
segsites: 24
positions: 
000000000000000000000000
001100000000010000000001
001000000000010000100000
001100010000010001000000
011000000000110000100100
001000000000010100000000
001000000000010000010001
001000000000010100000000
001100010000010001000000
101000001100000000000000
011000100000010101000000
011000000000110000100000
011000000000001000000000
001000000000010100100000
011000100000010101000000
101000001101000000000000
011000000000110000100100
001000000001000010000000
011000000000110000100000
001000000000010100001010
001000000000000000001010
101000001100000000000000
011000001100000000000000
101000001100010100000000
001000000110010000010001
001000000110010000010000
001000000110010000010000
001000000000010100000000
001011000000010100000000

// 	54	1.17074	1.17074	1737	28	13	13	0.06531	8.47518	0.06531	8.47518	0.00000	0.00000	0.13154	1.63965	1.63965	60.63307	60.63307	0.18660	0.18660	1.49007	0.34644	0.34644	2.0751
segsites: 16
positions: 
0000000000000000
0000000000000000
0111000000000000
0000000000000000
0000000000000100
0000000000000000
0000000000000000
0001000000000000
0000000000000000
0000000101111001
0000000101111001
0000001000000010
0010000000000000
0000001000000000
0000100101111001
0000010100000001
0000000010000000
1000000000000100
0000000000000100
0000000000000000
0000000000000000
0000000000000000
0011000000000000
0000000000000000
0000000000000000
0000000000000000
0000000000000000
0000000000000000
0000000000000000

// 	54	1.17074	1.17074	1737	28	13	13	0.06531	8.47518	0.06531	8.47518	0.00000	0.00000	0.13154	1.63965	1.63965	60.63307	60.63307	0.18660	0.18660	1.49007	0.34644	0.34644	2.0751
segsites: 24
positions: 
000000000000000000000000
000000000000011000000011
000100101000000000010000
000000000000011000000011
000000000000011000000000
000010000100001000001000
000100101000000000000000
000010000100001000001000
000000000011000000000000
010000000000001000000000
000100001010000000000000
001010000100001001000000
000000001010000000011000
000010000100101100100100
000010000100001000001000
000001010000001000000000
000000000010001010000000
000000000000011000000011
000000000000011000000011
000010000100001000000000
000010000100001000001000
000010000100000000001000
000010000100000000001000
000010000100001000001000
000010000100001000001000
100010000100001000000000
000000000000001000000000
000010000100001000000000
000010000100001000001000

// 	54	1.17074	1.17074	1737	28	13	13	0.06531	8.47518	0.06531	8.47518	0.00000	0.00000	0.13154	1.63965	1.63965	60.63307	60.63307	0.18660	0.18660	1.49007	0.34644	0.34644	2.0751
segsites: 44
positions: 
00000000000000000000000000000000000000000000
01011111001001000000010000000000000000000000
11011111001011000000010000000000100100000000
11011011001001000000000000000000000100000000
00011111001001000000000000000000100100000000
00000000011001000000010000000000100100000000
00000000011001000000010000000000100100000000
01011111010101000010001000000000000000000000
01111111010101000010001000000000100100000000
11010011000001001111000000000100100101101001
11011011111001000000000000000000100101000100
00111111010100000010000000100001100100010000
01011111010101000010001000000000010000000000
11111111010101000001100100000011100101101001
00111111010100000010000000100001100100010000
00000001000000111110000010001010100101000001
11011011111001000000000000000000010000000000
01010000001001011001100000010010101100000010
00111111010100000010000000100001100100010000
11011011001001011000010000000000000100001001
11011011001001000000000000000000100110000000
11011011001001011000010000000000000100000000
11011011001001000000000000000000000000000000
11011011001001011000010000000000000100000000
00011111001001000000000000000000100101000100
11011011111001000000000000000000100101000001
11011011111001000000010001000000000100000000
10011011001001000000010000000000000100000000
00011111001011000000010000000000100100000000

// 	54	1.17074	1.17074	1737	28	13	13	0.06531	8.47518	0.06531	8.47518	0.00000	0.00000	0.13154	1.63965	1.63965	60.63307	60.63307	0.18660	0.18660	1.49007	0.34644	0.34644	2.0751
segsites: 10
positions: 
0000000000
0000000000
0000000000
0000000000
0000000000
0000000000
0000000000
0000000000
0100000000
0000000000
0000000000
0000010000
0000010000
0000000000
0000000000
0000000000
0000111111
0011000000
1000000000
0000000000
0000000000
0000000000
0000000000
0000000000
0000000000
0000000000
0000000000
0000000000
0000000000

// 	54	1.17074	1.17074	1737	28	13	13	0.06531	8.47518	0.06531	8.47518	0.00000	0.00000	0.13154	1.63965	1.63965	60.63307	60.63307	0.18660	0.18660	1.49007	0.34644	0.34644	2.0751
segsites: 34
positions: 
0000000000000000000000000000000000
0000000000000000100000000000001010
0000000000000000100000000000000000
0000000000000000100000000000000000
0000000000000000100000000000001010
1000000000010100100100000100101010
0010000000000000000000000000000000
0100000000000000000000000000000000
0000000000000000000000000000000000
1001010000010100100100000100101010
1001010000010100100100001000100010
1000101110110111110010010110011110
1000000000011100100100001000100010
1000000000010100100100001000100010
1001000000010100100100001000100010
1000000000000000001100000100101010
1000000000010100100100100100100010
1010000000010100100100001000100010
0000000000000000001101000100100011
1000000000010100100100001000001010
1000000000010100100000000000001010
0000000001000000100100000101101010
1000000000010100100100000100101010
1000000000000000000000000000000000
0001000000000000100000000000001010
1000000000010100100100000100101010
1000000000000000000000000000000000
0110000000000000000000000000000000
0000000000000000100000000000000010

// 	54	1.17074	1.17074	1737	28	13	13	0.06531	8.47518	0.06531	8.47518	0.00000	0.00000	0.13154	1.63965	1.63965	60.63307	60.63307	0.18660	0.18660	1.49007	0.34644	0.34644	2.0751
segsites: 15
positions: 
000000000000000
001000000100000
001000000100010
000000010100010
000000000100010
000000000100010
000000000100010
001000000100010
000000010100000
001010001000100
001010101010000
001010101010000
001010001000100
001010101010000
001110001001000
001000000100010
001010001000001
001010101010000
101000000000001
000000000000000
000000000100100
101010001000000
001000000000000
000000000100010
000000000000000
000000000000000
111000000000000
000001001000000
000000000000000

// 	54	1.17074	1.17074	1737	28	13	13	0.06531	8.47518	0.06531	8.47518	0.00000	0.00000	0.13154	1.63965	1.63965	60.63307	60.63307	0.18660	0.18660	1.49007	0.34644	0.34644	2.0751
segsites: 24
positions: 
000000000000000000000000
000000000000000000000010
000000000000000000000010
000000000000000000000100
000000000000000000000010
000000000000000000001010
000000000000000000000010
000000000000000000000010
000000000000000000000010
000000000000000000010010
000000000101011001001011
000000001000000000000010
000000000000000000100010
000000000100000000000111
000000001000000000000010
111111110000000000010010
000000000000000000000000
000000000000000000001000
000000001000000000000011
000000000000000000000010
000000000101111111001001
000000000000000000001000
000000000010000000001010
000000000000000000001010
000000000000000000000010
000000000000000000000010
000000000000000000000010
000000000000000000001010
000000000000000000001010

// 	54	1.17074	1.17074	1737	28	13	13	0.06531	8.47518	0.06531	8.47518	0.00000	0.00000	0.13154	1.63965	1.63965	60.63307	60.63307	0.18660	0.18660	1.49007	0.34644	0.34644	2.0751
segsites: 7
positions: 
0000000
1000000
1010001
1100000
1000000
1000000
1000000
1000000
1000000
1010100
1000000
1011000
1000000
1010100
1011000
1000000
1000000
1000010
1000000
1010000
1000000
1000000
1010000
1010000
1000000
1000000
1010000
1010000
1000000

// 	54	1.17074	1.17074	1737	28	13	13	0.06531	8.47518	0.06531	8.47518	0.00000	0.00000	0.13154	1.63965	1.63965	60.63307	60.63307	0.18660	0.18660	1.49007	0.34644	0.34644	2.0751
segsites: 2
positions: 
00
00
00
00
00
00
00
00
00
00
10
00
10
00
10
10
01
00
10
00
00
00
00
00
00
00
00
00
00

// 	54	1.17074	1.17074	1737	28	13	13	0.06531	8.47518	0.06531	8.47518	0.00000	0.00000	0.13154	1.63965	1.63965	60.63307	60.63307	0.18660	0.18660	1.49007	0.34644	0.34644	2.0751
segsites: 14
positions: 
00000000000000
00000000000100
00000001000100
00000000000100
00000000000100
00000000000100
00000000000100
00000000000100
00000000000100
01100110010100
00000000000111
00000000000100
00000000000000
00000000100100
00000000100100
00010000000100
00000000000100
10001100000100
00000000000100
00000000000100
00000000001100
00000000000100
00000000000100
00000000000100
00000000000100
00000000000100
00000000000100
00000000000100
00000000000100

// 	54	1.17074	1.17074	1737	28	13	13	0.06531	8.47518	0.06531	8.47518	0.00000	0.00000	0.13154	1.63965	1.63965	60.63307	60.63307	0.18660	0.18660	1.49007	0.34644	0.34644	2.0751
segsites: 11
positions: 
00000000000
00000000000
00000010000
00000010100
00000000000
00000011000
00000010000
00000010001
00000010000
00100000000
00010011010
00000010000
00000010100
00000010100
01000011000
00000011000
00000011000
10000111000
00001010000
00000011000
00000011000
00000011000
00000011000
00000011000
00000011000
00000011000
00000011000
00000011000
00000010000

// 	54	1.17074	1.17074	1737	28	13	13	0.06531	8.47518	0.06531	8.47518	0.00000	0.00000	0.13154	1.63965	1.63965	60.63307	60.63307	0.18660	0.18660	1.49007	0.34644	0.34644	2.0751
segsites: 6
positions: 
000000
001100
011100
001100
001100
001100
001100
010000
001100
010000
010000
010000
011100
010001
010100
001100
010000
010100
010000
001100
000100
000110
001100
000100
000100
000100
110000
001100
000000

// 	54	1.17074	1.17074	1737	28	13	13	0.06531	8.47518	0.06531	8.47518	0.00000	0.00000	0.13154	1.63965	1.63965	60.63307	60.63307	0.18660	0.18660	1.49007	0.34644	0.34644	2.0751
segsites: 16
positions: 
0000000000000000
1000000000000000
1000000001000000
0000000001000000
1010000001000000
1010000001000000
0000000001000000
1000000001000000
0000000000000000
1010000001011010
0000000101011000
0000000000000000
1110000001000101
0000010011100000
0000010011100000
0010000001000000
1110001001000000
1010000001000000
1010000001000101
0001000000000000
0000000001000000
0000000000000000
1000000000000000
0000000000000000
1000100001000000
0000000000000000
0000000001000000
0000000001000000
1010000001000000

// 	54	1.17074	1.17074	1737	28	13	13	0.06531	8.47518	0.06531	8.47518	0.00000	0.00000	0.13154	1.63965	1.63965	60.63307	60.63307	0.18660	0.18660	1.49007	0.34644	0.34644	2.0751
segsites: 18
positions: 
000000000000000000
000000000100001000
000000000000000000
000000000000000110
000000000000000100
000000000000000100
000000000101000100
000000000100000000
000000000000001000
000000000100001000
000000000100001000
111111000100001100
000000000100001000
000000000100001000
000000000100001000
000000010000000100
000000010000000001
000000000000000100
000000000100001000
000000100010110000
000000000000000000
111111000100000000
000000001000010000
000000000000000100
000000000000000000
000000000000000000
000000000000000000
000000000000000100
000000000000000000

// 	54	1.17074	1.17074	1737	28	13	13	0.06531	8.47518	0.06531	8.47518	0.00000	0.00000	0.13154	1.63965	1.63965	60.63307	60.63307	0.18660	0.18660	1.49007	0.34644	0.34644	2.0751
segsites: 22
positions: 
0000000000000000000000
0000011000000010101000
0100011000000111110000
0100011000000010000000
0000000110001010000000
0100011000000010000000
0000000110001010000000
0000000110001010000001
0100011000000110000000
0110000000000000000010
0110000000000000000110
0100010110000000000000
0110000000000000000110
0000000000000010000000
0110000000000000000110
0110000000000000000110
0100000000100000000000
0100010110000000000000
0110011000000010000000
0100100110000110000000
0000100110000110000000
0001100110000110000000
0100100110000111100000
0000100110011110000000
1100010000000110000000
1100010000000110000000
0000010001000110000000
0000100110000110000000
0000100110000110000000

// 	54	1.17074	1.17074	1737	28	13	13	0.06531	8.47518	0.06531	8.47518	0.00000	0.00000	0.13154	1.63965	1.63965	60.63307	60.63307	0.18660	0.18660	1.49007	0.34644	0.34644	2.0751
segsites: 18
positions: 
000000000000000000
000000000000000000
001000000000010000
000000000000000000
001000001000000110
000000000000000000
001000000000000000
001000000000010000
010000000000000000
101100000001100000
001110100100000000
000000000010000000
000000000010001000
101000010001000000
000000000000000001
001000001000000110
101000000001100000
001000000010000000
000000000000010000
001000000000000000
001001000000000000
001000000000000000
001000000000000000
000000000000000000
101000000000000000
000000000000000000
010000000000000000
000000000000000000
001000000000000000

// 	54	1.17074	1.17074	1737	28	13	13	0.06531	8.47518	0.06531	8.47518	0.00000	0.00000	0.13154	1.63965	1.63965	60.63307	60.63307	0.18660	0.18660	1.49007	0.34644	0.34644	2.0751
segsites: 32
positions: 
00000000000000000000000000000000
01100001000010000000011001000011
01000100000000000100011000000000
00000000000000000100011000000000
00000000000000000000011000001000
01000100000000001000011001000010
00000000000000001000011001000010
00000000000000000100011010000000
00000000000000000000011000000000
00000000000000000000011000000000
00100001000000010000011000010000
00000000000001100000011100000000
00000000000000000100011000000000
11011000100000000000011001100010
01100001000000000000011100000000
01100001000000000001111000000000
00000000000001100000011000000000
00000000010100000000011100000000
00000000000000000100011000000100
00000010000000000000011000000000
00000000000000000001111000000000
00000000000001100000011000000000
00000000001000000000011000000000
00000000000000000000011000000000
00000000000100000000011001000011
00000010000000000000011000000000
00000000000000000001011000000000
00000000000000000001011000000000
00000000000000000010011000000000

// 	54	1.17074	1.17074	1737	28	13	13	0.06531	8.47518	0.06531	8.47518	0.00000	0.00000	0.13154	1.63965	1.63965	60.63307	60.63307	0.18660	0.18660	1.49007	0.34644	0.34644	2.0751
segsites: 53
positions: 
00000000000000000000000000000000000000000000000000000
00000000000000000000000000000000000000000010000000000
00000000000000000000000000000000000000000000000000000
00000000000000000000000000000000010000010000000000001
00000000000000000000000000000000000000000000000000000
00000000000000000000000000000000000000000000000000000
00000000000000000000000000000000000000000000000000000
10000000000000000000000000000000001000000000000000000
00000000000000000000000000000000001000000000000000000
01110000111000011011110111111111110001111001101111001
01111010111011111011110000000000010011111001111110101
01110000111000011011111000000011110001111001101111011
00000000000000000011110000000011110001111101101110001
00000100011000011011111000000010010001111001101110001
01110000111010111011111000000011110001111101101110001
01110000111000011011110000000010010001111001101111011
00010000111100110011111000000010010001111001101110001
00010000100000011011111000000011110001111001001110001
00110000011000111011111000000010010001111001101110001
00000000000000000000000000000000010000010000100000001
00000000000000000000000000000000001000000000000000001
00010000000000000000000000000000001000000000000000001
00000000000000000000000000000000010000010000100000001
00000000000000000000000000000000010000010000100000001
00000000000000000000000000000000000000000000000000001
00000000000000010000000000000000010000000000000010001
00000000000000000000000000000000000000000000000000000
00000000000000010001000000000000000000000000000000001
00000001000000010100000000000000010100010000000000001

// 	54	1.17074	1.17074	1737	28	13	13	0.06531	8.47518	0.06531	8.47518	0.00000	0.00000	0.13154	1.63965	1.63965	60.63307	60.63307	0.18660	0.18660	1.49007	0.34644	0.34644	2.0751
segsites: 13
positions: 
0000000000000
1010000000110
1010010000000
0000000000000
1010000000010
0100000000000
1010000000010
1010000100010
1010000000010
1010000011010
1010001000011
0010100000010
1010010100010
1010000000010
1010000000010
1010000000010
1011000000010
1010000000010
1010000000110
1010000011010
1010000000010
1010000000010
1010000000010
1010000000010
1010000000010
1010000000010
1010000011010
1010000000010
1010000000010

// 	54	1.17074	1.17074	1737	28	13	13	0.06531	8.47518	0.06531	8.47518	0.00000	0.00000	0.13154	1.63965	1.63965	60.63307	60.63307	0.18660	0.18660	1.49007	0.34644	0.34644	2.0751
segsites: 18
positions: 
000000000000000000
100000000000000000
000000000000000110
100000000000000000
100000000000000000
100000001000001000
000000000000000000
100000000000000000
100000000000000000
000011010000010000
000110010101000000
001010010010000000
010010010000000000
100110010000000000
100000000000100001
100011010000100001
000110010000000000
000010010000000000
100000000000100001
100000000000000000
100000000000000000
110010100000000000
010010100000000000
100000000000000000
110010100000000000
110010100000000000
100000000000000000
110010100000100001
100010100000000000

// 	54	1.17074	1.17074	1737	28	13	13	0.06531	8.47518	0.06531	8.47518	0.00000	0.00000	0.13154	1.63965	1.63965	60.63307	60.63307	0.18660	0.18660	1.49007	0.34644	0.34644	2.0751
segsites: 43
positions: 
0000000000000000000000000000000000000000000
0000000000000000000000000000000000000000000
0000000000000010000000100000000000000000000
0000000000000000000000000000000000000000000
0000000000000000000000000000000000000000000
0000000000000010000000000000000000000000000
0000000000000000000000000000000000000000000
0000000000000010000000100000000000000000000
0000000000000010000000000000000000000000000
1111100110000011111000001101111010001110000
1001111010001010101101000111011001101110000
1111100111000011111000001101111010001110000
1111100110010010101010000101011001101110011
1001100110010010101101000101011001101110000
1101100110100010101000010101111100001111000
1111100110000011111000001101111000001110000
1111110010001010101101000111011001101110000
1001100110000010101010000101011001101110100
1001100110001000101101000111011011111110000
1001100110000010101010000101011000101110000
1001110010001010101010000111011001101110000
1111100110000010101000010101111000001111000
1001100110000011111000001101111011001110011
1001110010001010101101000111011001101110000
1001100110000010101010000101011001101110000
1001111010001110101101000111011001101110000
1001110010001010101000001101111010001110000
0000000000000010000000100000000000000000000
1001100110001010101101000111011001101110000

// 	54	1.17074	1.17074	1737	28	13	13	0.06531	8.47518	0.06531	8.47518	0.00000	0.00000	0.13154	1.63965	1.63965	60.63307	60.63307	0.18660	0.18660	1.49007	0.34644	0.34644	2.0751
segsites: 8
positions: 
00000000
01111000
00110001
00000000
00000011
00000011
00000011
00110000
00000000
00000001
00000001
00000001
00110000
10000101
10000011
00000000
00000001
00000101
00000011
00000001
00000001
00000001
00100001
00000001
00000000
00000001
00000000
00000001
00000000

// 	54	1.17074	1.17074	1737	28	13	13	0.06531	8.47518	0.06531	8.47518	0.00000	0.00000	0.13154	1.63965	1.63965	60.63307	60.63307	0.18660	0.18660	1.49007	0.34644	0.34644	2.0751
segsites: 18
positions: 
000000000000000000
000110000001000000
000010000100000000
100000000000000000
000000000100000000
000110000000000000
000000000000000000
000110000000000000
000110000000000000
000010000110011010
000000100100000100
000000000110000001
000000000100000100
000001000110011010
000110000000000000
000000000000000000
100000000000100000
000000000100000000
000110000000000000
011000000100000000
000000000100000000
000000000100000000
000000000100000000
000000000100000000
000000000100000000
000000101100000000
000000010100000000
000000000100000000
000010000100000000

// 	54	1.17074	1.17074	1737	28	13	13	0.06531	8.47518	0.06531	8.47518	0.00000	0.00000	0.13154	1.63965	1.63965	60.63307	60.63307	0.18660	0.18660	1.49007	0.34644	0.34644	2.0751
segsites: 18
positions: 
000000000000000000
111110010000001000
111110000000001000
111110000000000000
111110000000000000
111110000000000000
111110000000000000
111110010000000110
111110000000000000
111110010101010000
111110010101010000
111110110100100000
111110000000001000
111110000000000000
111110000000001000
111110000000001000
111110011100001000
111110000010000000
111110000000000001
111110000000001000
111110000000000000
111110010000000000
111110010000000010
111111010000000000
111110000000000000
111110000000000000
111110000000000000
111110010000000000
111110010000000000

// 	54	1.17074	1.17074	1737	28	13	13	0.06531	8.47518	0.06531	8.47518	0.00000	0.00000	0.13154	1.63965	1.63965	60.63307	60.63307	0.18660	0.18660	1.49007	0.34644	0.34644	2.0751
segsites: 19
positions: 
0000000000000000000
0000000000000000000
0000000000001000000
1000000000000000000
0000000000000010000
0000000000000101000
1000000000000000000
0000000000001000000
0000000000000101000
0101011010110010001
0001011010110010001
0100011010110010000
0000000000100101000
0000000000001000000
0000000100001000000
0001011010110010001
0000100000000000100
0000000000010011000
0000000000001000000
0000000001000001000
0010000000110001010
0000000000000000000
0000000000000000000
0000000000000101000
0000000000000001000
0000000000000101000
0000000000100000000
0000000000000001000
0000000001000001000

// 	54	1.17074	1.17074	1737	28	13	13	0.06531	8.47518	0.06531	8.47518	0.00000	0.00000	0.13154	1.63965	1.63965	60.63307	60.63307	0.18660	0.18660	1.49007	0.34644	0.34644	2.0751
segsites: 35
positions: 
00000000000000000000000000000000000
00000000000000000000100000000000000
00000001000000000000100000000000000
00000000000000000000100000000000000
00000000000000000000100000000000000
00000000000000000000100000000000000
00000001000000000000100000000000000
00000001000000000000100000000000000
00000000000000000000100000000000000
00000000010001001000110101110010001
11011010011000000001111101000000011
00000000010001001000110101110010001
01000010011010000000110101000001101
11011010011000000000110101000001001
01011010011000000000110000000000001
11011010011000000101111101000000011
11011010011000000000110000000000000
11011010011000000001111101000000011
00001110011000010010110010001000001
00000000000000100000110000000000000
00001110011100010010110000000000001
00001110011000010010110000000000001
00000000000000100000110000000001101
00000000000000100000110000000000001
00000000011010000000110000000100000
00101010011000000000110000000000001
00000000000000100000110000000000001
00101010111000000000110000000000001
00000000000000000000110010001000001

